10 8 0
9 3 2
0 24 3
0 23 4
0 0 5
8 17 6
2 1 7
7 27 8
1 4 9
1 9 10
9 7 11
3 19 12
6 12 13
6 11 14
1 21 15
5 10 16
8 25 17
9 13 18
8 20 19
1 5 20
5 26 21
7 14 22
3 6 23
0 22 25
9 2 26
6 15 27
3 16 28
3 18 29
9 41 30
9 47 31
4 35 32
4 48 33
7 44 34
10 40 35
7 42 36
6 29 37
2 39 38
10 45 39
8 49 40
2 46 42
3 54 43
5 28 44
8 33 45
7 32 46
6 50 48
8 43 49
3 52 50
6 38 51
9 30 53
3 36 54
9 34 55
6 31 56
2 37 57
3 51 58
1 53 59
7 61 60
9 60 61
7 79 62
1 69 63
2 77 64
3 64 65
7 65 66
0 62 67
8 73 68
4 67 69
9 55 70
6 58 71
7 76 72
10 66 74
5 57 75
4 78 76
7 75 78
3 74 79
0 63 80
9 70 82
1 71 83
1 72 85
1 56 86
2 59 87
3 68 89
9 85 90
2 83 91
4 80 93
7 86 94
8 87 95
4 89 96
10 88 97
7 90 98
3 91 106
4 81 111
2 92 113
5 93 115
10 84 117
5 82 118
3 99 122
7 107 124
9 95 125
10 105 126
9 109 128
4 98 131
9 108 133
6 104 135
2 106 137
7 94 138
2 102 142
7 97 143
9 96 144
2 103 147
1 101 148
10 100 149
6 118 152
9 115 153
1 122 156
9 110 157
5 113 159
4 116 161
8 117 163
4 121 164
0 114 168
9 111 170
1 112 172
1 120 174
4 119 176
7 123 179
8 131 180
4 134 181
4 126 182
2 129 185
9 132 188
10 124 190
0 135 194
8 136 199
7 133 200
7 128 203
2 130 204
3 127 205
0 125 207
6 153 210
9 139 212
3 155 215
4 150 216
1 154 218
2 145 220
8 144 221
7 146 222
10 141 223
0 151 224
5 137 225
9 149 228
5 143 229
9 148 231
3 138 232
2 147 233
2 142 236
2 152 237
8 156 238
6 140 239
10 162 240
5 169 242
2 172 246
7 160 247
3 168 248
10 165 249
4 157 250
7 173 252
9 171 253
8 161 254
0 166 257
0 170 259
7 159 261
6 164 262
1 174 264
6 167 265
0 158 267
2 163 268
10 193 270
1 178 271
8 177 272
9 187 273
2 191 274
9 182 276
9 188 277
10 179 278
9 192 279
10 175 283
6 190 284
2 186 288
10 189 290
6 176 293
3 183 294
1 185 295
2 180 296
6 181 297
10 184 299
8 196 330
4 194 338
8 195 350
10 198 361
6 199 362
0 205 364
7 197 365
8 207 367
4 208 370
10 203 371
9 202 372
3 206 377
3 210 380
0 204 381
10 209 386
6 200 388
4 201 389
3 215 391
5 220 392
8 218 394
9 223 396
9 213 397
9 216 398
9 224 399
4 217 400
9 219 404
7 222 405
9 212 408
5 211 412
2 221 413
5 214 416